14 14
 -1120  -1100  -197  -1158  -1161  -1163  -1169 
119 121 101 99 98 96 157 156 159 160 162 164 168  -1
 -1118 122 102 95 93 153 152 155 150 149 165 166 167 
117 116 114 123 103 94 92 154 151 148 2 3 4  -1
 -1115 112 113 124 104 126 91 147 1 56 55 6 5 
110 111 108 106 105 125 127 146 90 57 54 11 7  -1
 -1109 107 140 141 128 144 145 58 89 12 53 10 8 
137 138 139 132 129 142 143 59 88 13 44 52 9  -1
 -1136 133 130 131 82 60 87 41 43 14 45 51 50 
135 134 71 70 81 61 83 86 42 40 15 46 49  -1
 -173 72 80 69 62 85 84 39 30 16 23 47 48 
74 75 79 67 68 63 37 38 31 29 24 17 22  -1
 -178 76 66 64 36 34 32 28 26 25 18 20 21 
 -177  -165  -135  -133  -127  -119  -1 -1
