15 15
109 104 103 102 100 98 0 94 93 81 66 67 64 61 62 
110 0 105 0 99 0 0 92 0 82 0 0 68 63 0 
0 111 107 0 121 122 123 0 89 86 83 79 69 0 59 
114 113 118 127 0 125 124 0 87 85 0 0 78 71 0 
115 117 128 119 126 214 0 0 218 221 0 0 74 72 57 
116 131 130 129 142 213 0 217 220 0 222 224 73 56 55 
134 0 140 141 0 212 211 0 206 0 225 0 0 52 0 
135 133 139 144 150 210 0 208 203 0 0 49 0 53 0 
136 138 0 0 0 0 0 154 201 0 0 46 45 37 39 
0 0 188 147 148 152 155 198 199 32 34 44 36 42 40 
186 185 184 189 191 156 157 197 31 30 33 35 43 41 8 
0 179 183 190 192 194 196 158 29 21 20 19 10 9 7 
180 182 178 177 193 195 163 159 28 27 22 11 18 5 6 
0 174 175 176 168 164 162 160 26 23 14 12 17 4 3 
173 171 170 169 167 166 165 161 24 25 13 15 16 2 1 
